proj:       99
zone:       0
north:      131299.66232929
south:      127522.60051313
east:       707262.43928372
west:       703265.87786256
cols:       3997
rows:       3777
e-w resol:  0.99989027
n-s resol:  1.00001637
format:     0
compressed: 5
